[start]
st_pin = 24
[i2c]
device_addr = 0x2e
[camera];フルHD(1920*1080),HD(1280*720),SD(720*480)
height = 1080
weight = 1920
[MOTOR]
right_pwm = 11
right_phase = 25
left_pwm = 9
left_phase = 10
duty = 50
[GOAL];仮データ
lat = 35.000000
lon = 135.000000