[start]
st_pin = 24
[i2c]
device_addr = 0x2e
[camera];フルHD(1920*1080),HD(1280*720),SD(720*480)
height = 720
weight = 1280
[MOTOR]
right_pwm = 13
right_phase = 11
left_pwm = 26
left_phase = 19
duty = 50
[GOAL];仮データ
lat = 35.000000
lon = 135.000000
